[1, 2, 3, 4, 5, 6, 7, 8, 9, 10, 11, 12, 13, 14, 15, 16, 17, 18, 19, 20, 21, 22, 23, 24, 25, 26, 27, 28, 29, 30, 31, 32, 33, 34, 35, 36, 37, 38, 39, 40], [1, 2, 3, 4, 5, 6, 7, 8, 9, 10, 11, 12, 13, 14, 15, 16, 17, 18, 19, 20, 21, 22, 23, 24, 25, 26, 27, 28, 29, 30, 31, 32, 33, 34, 35, 36, 37, 38, 39, 40]
[1, 2, 3, 4, 5, 6, 7, 8, 9, 10, 21, 21, 22, 22, 23, 23, 24, 24, 25, 25, 26, 26, 27, 27, 28, 28, 29, 29, 30, 30, 41, 42, 43, 44, 45, 46, 47, 48, 49, 50], [1, 2, 3, 4, 5, 6, 7, 8, 9, 10, 11, 11, 12, 12, 13, 13, 14, 14, 15, 15, 16, 16, 17, 17, 18, 18, 19, 19, 20, 20, 21, 22, 23, 24, 25, 26, 27, 28, 29, 30]
[1, 2, 3, 4, 5, 11, 11, 12, 12, 13, 13, 14, 14, 15, 15, 21, 21, 22, 22, 23, 23, 24, 24, 25, 25, 31, 31, 32, 32, 33, 33, 34, 34, 35, 35, 41, 42, 43, 44, 45], [1, 2, 3, 4, 5, 6, 6, 7, 7, 8, 8, 9, 9, 10, 10, 11, 12, 13, 14, 15, 21, 22, 23, 24, 25, 26, 26, 27, 27, 28, 28, 29, 29, 30, 30, 31, 32, 33, 34, 35]
[1, 2, 3, 4, 5, 11, 12, 13, 14, 15, 21, 21, 22, 22, 23, 23, 24, 24, 25, 25, 31, 31, 32, 32, 33, 33, 34, 34, 35, 35, 41, 42, 43, 44, 45, 51, 52, 53, 54, 55], [1, 2, 3, 4, 5, 6, 6, 7, 7, 8, 8, 9, 9, 10, 10, 11, 11, 12, 12, 13, 13, 14, 14, 15, 15, 16, 16, 17, 17, 18, 18, 19, 19, 20, 20, 21, 22, 23, 24, 25]
[1, 2, 3, 4, 6, 7, 8, 9, 9, 10, 11, 12, 14, 15, 16, 17, 17, 18, 19, 20, 22, 23, 24, 25, 25, 26, 27, 28, 30, 31, 32, 33, 33, 34, 35, 36, 38, 39, 40, 41], [1, 2, 3, 4, 5, 5, 6, 7, 8, 9, 11, 12, 13, 14, 15, 15, 16, 17, 18, 19, 21, 22, 23, 24, 25, 25, 26, 27, 28, 29, 31, 32, 33, 34, 35, 35, 36, 37, 38, 39]
[1, 2, 3, 4, 9, 10, 11, 11, 12, 12, 13, 14, 17, 18, 19, 19, 20, 20, 21, 22, 25, 26, 27, 27, 28, 28, 29, 30, 33, 34, 35, 35, 36, 36, 37, 38, 43, 44, 45, 46], [1, 2, 3, 4, 5, 5, 6, 6, 7, 7, 8, 8, 9, 9, 10, 10, 11, 12, 13, 14, 21, 22, 23, 24, 25, 25, 26, 26, 27, 27, 28, 28, 29, 29, 30, 30, 31, 32, 33, 34]
[1, 2, 3, 4, 9, 10, 11, 12, 17, 18, 19, 20, 21, 22, 23, 24, 25, 26, 27, 28, 29, 30, 31, 32, 33, 34, 35, 36, 37, 38, 39, 40, 45, 46, 47, 48, 53, 54, 55, 56], [1, 2, 3, 4, 5, 5, 6, 6, 7, 7, 8, 8, 9, 9, 10, 10, 11, 11, 12, 12, 13, 13, 14, 14, 15, 15, 16, 16, 17, 17, 18, 18, 19, 19, 20, 20, 21, 22, 23, 24]
[1, 2, 5, 5, 6, 6, 9, 9, 10, 10, 13, 13, 14, 14, 17, 17, 18, 18, 21, 21, 22, 22, 25, 25, 26, 26, 29, 29, 30, 30, 33, 33, 34, 34, 37, 37, 38, 38, 41, 42], [1, 2, 3, 3, 4, 4, 5, 6, 9, 10, 11, 11, 12, 12, 13, 14, 17, 18, 19, 19, 20, 20, 21, 22, 25, 26, 27, 27, 28, 28, 29, 30, 33, 34, 35, 35, 36, 36, 37, 38]
[1, 2, 5, 6, 6, 7, 9, 10, 10, 11, 11, 12, 13, 14, 14, 15, 15, 16, 16, 17, 17, 18, 18, 19, 19, 20, 20, 21, 22, 23, 23, 24, 24, 25, 27, 28, 28, 29, 32, 33], [1, 2, 3, 3, 4, 4, 5, 5, 6, 7, 21, 21, 22, 22, 23, 23, 23, 23, 24, 24, 24, 24, 25, 25, 25, 25, 26, 26, 27, 27, 41, 42, 43, 43, 44, 44, 45, 45, 46, 47]
[1, 2, 5, 6, 6, 7, 9, 10, 10, 11, 13, 14, 14, 15, 17, 18, 18, 19, 21, 22, 22, 23, 25, 26, 26, 27, 29, 30, 30, 31, 33, 34, 34, 35, 37, 38, 38, 39, 42, 43], [1, 2, 3, 3, 4, 4, 5, 5, 6, 7, 11, 12, 13, 13, 14, 14, 15, 15, 16, 17, 21, 22, 23, 23, 24, 24, 25, 25, 26, 27, 31, 32, 33, 33, 34, 34, 35, 35, 36, 37]
[1, 2, 5, 6, 9, 10, 11, 12, 13, 14, 15, 16, 17, 18, 19, 20, 21, 22, 23, 24, 25, 26, 27, 28, 29, 30, 31, 32, 33, 34, 35, 36, 37, 38, 39, 40, 43, 44, 47, 48], [1, 2, 3, 3, 4, 4, 5, 5, 6, 6, 7, 7, 8, 8, 9, 9, 10, 10, 11, 12, 21, 22, 23, 23, 24, 24, 25, 25, 26, 26, 27, 27, 28, 28, 29, 29, 30, 30, 31, 32]
[1, 2, 5, 6, 9, 10, 13, 14, 17, 18, 21, 21, 22, 22, 25, 25, 26, 26, 29, 29, 30, 30, 33, 33, 34, 34, 37, 37, 38, 38, 41, 42, 45, 46, 49, 50, 53, 54, 57, 58], [1, 2, 3, 3, 4, 4, 5, 5, 6, 6, 7, 7, 8, 8, 9, 9, 10, 10, 11, 11, 12, 12, 13, 13, 14, 14, 15, 15, 16, 16, 17, 17, 18, 18, 19, 19, 20, 20, 21, 22]
[1, 2, 6, 7, 9, 10, 11, 12, 14, 15, 16, 17, 17, 18, 19, 20, 22, 23, 24, 25, 25, 26, 27, 28, 30, 31, 32, 33, 33, 34, 35, 36, 38, 39, 40, 41, 43, 44, 48, 49], [1, 2, 3, 3, 4, 4, 5, 5, 5, 6, 6, 7, 7, 7, 8, 8, 9, 9, 10, 11, 21, 22, 23, 23, 24, 24, 25, 25, 25, 26, 26, 27, 27, 27, 28, 28, 29, 29, 30, 31]
[1, 2, 6, 7, 9, 10, 14, 15, 17, 18, 21, 22, 22, 23, 25, 26, 26, 27, 29, 30, 30, 31, 33, 34, 34, 35, 37, 38, 38, 39, 42, 43, 45, 46, 50, 51, 53, 54, 58, 59], [1, 2, 3, 3, 4, 4, 5, 5, 5, 6, 6, 7, 7, 7, 8, 8, 9, 9, 10, 11, 11, 12, 13, 13, 14, 14, 15, 15, 15, 16, 16, 17, 17, 17, 18, 18, 19, 19, 20, 21]
[1, 2, 9, 10, 11, 12, 17, 18, 19, 20, 21, 22, 25, 26, 27, 28, 29, 30, 31, 32, 33, 34, 35, 36, 37, 38, 39, 40, 43, 44, 45, 46, 47, 48, 53, 54, 55, 56, 63, 64], [1, 2, 3, 3, 4, 4, 5, 5, 5, 6, 6, 6, 7, 7, 7, 7, 8, 8, 8, 8, 9, 9, 9, 9, 10, 10, 10, 10, 11, 11, 11, 12, 12, 12, 13, 13, 14, 14, 15, 16]
[1, 3, 3, 5, 5, 5, 7, 7, 7, 7, 9, 9, 9, 9, 11, 11, 11, 11, 13, 13, 13, 13, 15, 15, 15, 15, 17, 17, 17, 17, 19, 19, 19, 19, 21, 21, 21, 23, 23, 25], [1, 2, 2, 3, 9, 10, 10, 11, 17, 18, 18, 19, 21, 22, 22, 23, 25, 26, 26, 27, 29, 30, 30, 31, 33, 34, 34, 35, 37, 38, 38, 39, 45, 46, 46, 47, 53, 54, 54, 55]
[1, 3, 3, 5, 5, 5, 7, 7, 7, 7, 9, 9, 9, 9, 11, 11, 11, 13, 13, 15, 21, 23, 23, 25, 25, 25, 27, 27, 27, 27, 29, 29, 29, 29, 31, 31, 31, 33, 33, 35], [1, 2, 2, 3, 9, 10, 10, 11, 11, 12, 12, 13, 17, 18, 18, 19, 19, 20, 20, 21, 25, 26, 26, 27, 27, 28, 28, 29, 33, 34, 34, 35, 35, 36, 36, 37, 43, 44, 44, 45]
[1, 3, 3, 5, 5, 7, 7, 9, 9, 11, 11, 13, 13, 15, 15, 17, 17, 19, 19, 21, 21, 23, 23, 25, 25, 27, 27, 29, 29, 31, 31, 33, 33, 35, 35, 37, 37, 39, 39, 41], [1, 2, 2, 3, 5, 6, 6, 7, 9, 10, 10, 11, 13, 14, 14, 15, 17, 18, 18, 19, 21, 22, 22, 23, 25, 26, 26, 27, 29, 30, 30, 31, 33, 34, 34, 35, 37, 38, 38, 39]
[1, 3, 3, 5, 5, 7, 7, 9, 9, 11, 21, 21, 23, 23, 23, 23, 25, 25, 25, 25, 27, 27, 27, 27, 29, 29, 29, 29, 31, 31, 41, 43, 43, 45, 45, 47, 47, 49, 49, 51], [1, 2, 2, 3, 5, 6, 6, 7, 9, 10, 10, 11, 11, 12, 12, 13, 13, 14, 14, 15, 15, 16, 16, 17, 17, 18, 18, 19, 19, 20, 20, 21, 23, 24, 24, 25, 27, 28, 28, 29]
[1, 3, 3, 5, 9, 11, 11, 13, 17, 19, 19, 21, 21, 23, 23, 25, 25, 27, 27, 29, 29, 31, 31, 33, 33, 35, 35, 37, 37, 39, 39, 41, 45, 47, 47, 49, 53, 55, 55, 57], [1, 2, 2, 3, 5, 5, 6, 6, 6, 6, 7, 7, 9, 9, 10, 10, 10, 10, 11, 11, 13, 13, 14, 14, 14, 14, 15, 15, 17, 17, 18, 18, 18, 18, 19, 19, 21, 22, 22, 23]
[1, 3, 5, 5, 7, 7, 9, 9, 11, 11, 13, 13, 15, 15, 17, 17, 19, 19, 21, 21, 23, 23, 25, 25, 27, 27, 29, 29, 31, 31, 33, 33, 35, 35, 37, 37, 39, 39, 41, 43], [1, 2, 2, 3, 3, 4, 4, 5, 9, 10, 10, 11, 11, 12, 12, 13, 17, 18, 18, 19, 19, 20, 20, 21, 25, 26, 26, 27, 27, 28, 28, 29, 33, 34, 34, 35, 35, 36, 36, 37]
[1, 3, 5, 6, 7, 8, 9, 10, 11, 11, 12, 13, 13, 14, 15, 15, 16, 16, 17, 17, 18, 18, 19, 19, 20, 20, 21, 22, 22, 23, 24, 24, 25, 26, 27, 28, 29, 30, 32, 34], [1, 2, 2, 3, 3, 4, 4, 5, 5, 6, 21, 21, 22, 22, 22, 22, 23, 23, 23, 23, 24, 24, 24, 24, 25, 25, 25, 25, 26, 26, 41, 42, 42, 43, 43, 44, 44, 45, 45, 46]
[1, 3, 5, 6, 7, 8, 9, 10, 11, 12, 13, 14, 15, 16, 17, 18, 19, 20, 21, 22, 23, 24, 25, 26, 27, 28, 29, 30, 31, 32, 33, 34, 35, 36, 37, 38, 39, 40, 42, 44], [1, 2, 2, 3, 3, 4, 4, 5, 5, 6, 11, 12, 12, 13, 13, 14, 14, 15, 15, 16, 21, 22, 22, 23, 23, 24, 24, 25, 25, 26, 31, 32, 32, 33, 33, 34, 34, 35, 35, 36]
[1, 3, 5, 6, 7, 8, 9, 10, 12, 14, 21, 21, 23, 23, 25, 25, 26, 26, 27, 27, 28, 28, 29, 29, 30, 30, 32, 32, 34, 34, 41, 43, 45, 46, 47, 48, 49, 50, 52, 54], [1, 2, 2, 3, 3, 4, 4, 5, 5, 6, 11, 11, 12, 12, 12, 12, 13, 13, 13, 13, 14, 14, 14, 14, 15, 15, 15, 15, 16, 16, 21, 22, 22, 23, 23, 24, 24, 25, 25, 26]
[1, 3, 5, 7, 9, 11, 11, 13, 13, 15, 15, 17, 17, 19, 19, 21, 21, 23, 23, 25, 25, 27, 27, 29, 29, 31, 31, 33, 33, 35, 35, 37, 37, 39, 39, 41, 43, 45, 47, 49], [1, 2, 2, 3, 3, 4, 4, 5, 5, 6, 6, 7, 7, 8, 8, 9, 9, 10, 10, 11, 21, 22, 22, 23, 23, 24, 24, 25, 25, 26, 26, 27, 27, 28, 28, 29, 29, 30, 30, 31]
[1, 3, 5, 7, 9, 11, 13, 15, 17, 19, 21, 21, 23, 23, 25, 25, 27, 27, 29, 29, 31, 31, 33, 33, 35, 35, 37, 37, 39, 39, 41, 43, 45, 47, 49, 51, 53, 55, 57, 59], [1, 2, 2, 3, 3, 4, 4, 5, 5, 6, 6, 7, 7, 8, 8, 9, 9, 10, 10, 11, 11, 12, 12, 13, 13, 14, 14, 15, 15, 16, 16, 17, 17, 18, 18, 19, 19, 20, 20, 21]
[1, 3, 6, 8, 9, 11, 11, 13, 14, 16, 16, 17, 18, 19, 19, 21, 22, 24, 24, 25, 26, 27, 27, 29, 30, 32, 32, 33, 34, 35, 35, 37, 38, 40, 40, 42, 43, 45, 48, 50], [1, 2, 2, 3, 3, 4, 4, 5, 5, 5, 6, 6, 6, 7, 7, 8, 8, 9, 9, 10, 21, 22, 22, 23, 23, 24, 24, 25, 25, 25, 26, 26, 26, 27, 27, 28, 28, 29, 29, 30]
[1, 3, 6, 8, 9, 11, 14, 16, 17, 19, 21, 22, 23, 24, 25, 26, 27, 28, 29, 30, 31, 32, 33, 34, 35, 36, 37, 38, 39, 40, 42, 44, 45, 47, 50, 52, 53, 55, 58, 60], [1, 2, 2, 3, 3, 4, 4, 5, 5, 5, 6, 6, 6, 7, 7, 8, 8, 9, 9, 10, 11, 12, 12, 13, 13, 14, 14, 15, 15, 15, 16, 16, 16, 17, 17, 18, 18, 19, 19, 20]
[1, 3, 9, 11, 11, 13, 17, 19, 19, 21, 21, 23, 25, 27, 27, 29, 29, 31, 31, 33, 33, 35, 35, 37, 37, 39, 39, 41, 43, 45, 45, 47, 47, 49, 53, 55, 55, 57, 63, 65], [1, 2, 2, 3, 3, 4, 4, 5, 5, 5, 6, 6, 6, 6, 7, 7, 7, 7, 8, 8, 8, 8, 9, 9, 9, 9, 10, 10, 10, 10, 11, 11, 11, 12, 12, 13, 13, 14, 14, 15]
[1, 5, 6, 9, 10, 11, 13, 14, 15, 16, 17, 18, 19, 20, 21, 22, 23, 24, 25, 26, 27, 28, 29, 30, 31, 32, 33, 34, 35, 36, 37, 38, 39, 40, 42, 43, 44, 47, 48, 52], [1, 2, 2, 3, 3, 3, 4, 4, 4, 4, 5, 5, 5, 5, 6, 6, 6, 7, 7, 8, 21, 22, 22, 23, 23, 23, 24, 24, 24, 24, 25, 25, 25, 25, 26, 26, 26, 27, 27, 28]
[1, 5, 6, 9, 10, 13, 14, 17, 18, 21, 21, 22, 25, 25, 26, 26, 29, 29, 30, 30, 33, 33, 34, 34, 37, 37, 38, 38, 41, 42, 42, 45, 46, 49, 50, 53, 54, 57, 58, 62], [1, 2, 2, 3, 3, 3, 4, 4, 4, 4, 5, 5, 5, 5, 6, 6, 6, 7, 7, 8, 11, 12, 12, 13, 13, 13, 14, 14, 14, 14, 15, 15, 15, 15, 16, 16, 16, 17, 17, 18]
[1, 5, 9, 11, 13, 15, 17, 19, 21, 21, 23, 25, 25, 27, 29, 29, 31, 31, 33, 33, 35, 35, 37, 37, 39, 39, 41, 43, 43, 45, 47, 47, 49, 51, 53, 55, 57, 59, 63, 67], [1, 2, 2, 3, 3, 3, 4, 4, 4, 4, 5, 5, 5, 5, 6, 6, 6, 6, 7, 7, 7, 7, 8, 8, 8, 8, 9, 9, 9, 9, 10, 10, 10, 10, 11, 11, 11, 12, 12, 13]
[1, 6, 9, 11, 14, 16, 17, 19, 21, 22, 24, 25, 26, 27, 29, 30, 31, 32, 33, 34, 35, 36, 37, 38, 39, 40, 42, 43, 44, 45, 47, 48, 50, 52, 53, 55, 58, 60, 63, 68], [1, 2, 2, 3, 3, 3, 4, 4, 4, 4, 5, 5, 5, 5, 5, 6, 6, 6, 6, 6, 7, 7, 7, 7, 7, 8, 8, 8, 8, 8, 9, 9, 9, 9, 10, 10, 10, 11, 11, 12]