[1, 2, 3, 4, 5, 6, 7, 8, 9, 10, 11, 12, 13, 14, 15, 16, 17, 18, 19, 20, 21, 22, 23, 24, 25, 26, 27, 28, 29, 30, 31, 32, 33, 34, 35, 36, 37, 38, 39, 40, 41, 42, 43, 44, 45, 46, 47, 48, 49, 50, 51, 52, 53, 54, 55, 56], [1, 2, 3, 4, 5, 6, 7, 8, 9, 10, 11, 12, 13, 14, 15, 16, 17, 18, 19, 20, 21, 22, 23, 24, 25, 26, 27, 28, 29, 30, 31, 32, 33, 34, 35, 36, 37, 38, 39, 40, 41, 42, 43, 44, 45, 46, 47, 48, 49, 50, 51, 52, 53, 54, 55, 56]
[1, 2, 3, 4, 5, 6, 7, 8, 9, 10, 11, 12, 13, 14, 29, 29, 30, 30, 31, 31, 32, 32, 33, 33, 34, 34, 35, 35, 36, 36, 37, 37, 38, 38, 39, 39, 40, 40, 41, 41, 42, 42, 57, 58, 59, 60, 61, 62, 63, 64, 65, 66, 67, 68, 69, 70], [1, 2, 3, 4, 5, 6, 7, 8, 9, 10, 11, 12, 13, 14, 15, 15, 16, 16, 17, 17, 18, 18, 19, 19, 20, 20, 21, 21, 22, 22, 23, 23, 24, 24, 25, 25, 26, 26, 27, 27, 28, 28, 29, 30, 31, 32, 33, 34, 35, 36, 37, 38, 39, 40, 41, 42]
[1, 2, 3, 4, 5, 6, 7, 15, 15, 16, 16, 17, 17, 18, 18, 19, 19, 20, 20, 21, 21, 29, 29, 30, 30, 31, 31, 32, 32, 33, 33, 34, 34, 35, 35, 43, 43, 44, 44, 45, 45, 46, 46, 47, 47, 48, 48, 49, 49, 57, 58, 59, 60, 61, 62, 63], [1, 2, 3, 4, 5, 6, 7, 8, 8, 9, 9, 10, 10, 11, 11, 12, 12, 13, 13, 14, 14, 15, 16, 17, 18, 19, 20, 21, 29, 30, 31, 32, 33, 34, 35, 36, 36, 37, 37, 38, 38, 39, 39, 40, 40, 41, 41, 42, 42, 43, 44, 45, 46, 47, 48, 49]
[1, 2, 3, 4, 5, 6, 7, 15, 16, 17, 18, 19, 20, 21, 29, 29, 30, 30, 31, 31, 32, 32, 33, 33, 34, 34, 35, 35, 43, 43, 44, 44, 45, 45, 46, 46, 47, 47, 48, 48, 49, 49, 57, 58, 59, 60, 61, 62, 63, 71, 72, 73, 74, 75, 76, 77], [1, 2, 3, 4, 5, 6, 7, 8, 8, 9, 9, 10, 10, 11, 11, 12, 12, 13, 13, 14, 14, 15, 15, 16, 16, 17, 17, 18, 18, 19, 19, 20, 20, 21, 21, 22, 22, 23, 23, 24, 24, 25, 25, 26, 26, 27, 27, 28, 28, 29, 30, 31, 32, 33, 34, 35]
[1, 2, 3, 4, 8, 9, 9, 10, 10, 11, 11, 12, 16, 17, 17, 18, 18, 19, 19, 20, 24, 25, 25, 26, 26, 27, 27, 28, 32, 33, 33, 34, 34, 35, 35, 36, 40, 41, 41, 42, 42, 43, 43, 44, 48, 49, 49, 50, 50, 51, 51, 52, 56, 57, 58, 59], [1, 2, 3, 4, 5, 5, 6, 6, 7, 7, 8, 9, 10, 11, 15, 16, 17, 18, 19, 19, 20, 20, 21, 21, 22, 23, 24, 25, 29, 30, 31, 32, 33, 33, 34, 34, 35, 35, 36, 37, 38, 39, 43, 44, 45, 46, 47, 47, 48, 48, 49, 49, 50, 51, 52, 53]
[1, 2, 3, 4, 9, 10, 11, 12, 15, 16, 17, 17, 18, 18, 19, 20, 23, 24, 25, 25, 26, 26, 27, 28, 31, 32, 33, 33, 34, 34, 35, 36, 39, 40, 41, 41, 42, 42, 43, 44, 47, 48, 49, 49, 50, 50, 51, 52, 55, 56, 57, 58, 63, 64, 65, 66], [1, 2, 3, 4, 5, 5, 6, 6, 7, 7, 8, 8, 9, 9, 10, 10, 11, 11, 12, 12, 13, 13, 14, 14, 15, 16, 17, 18, 29, 30, 31, 32, 33, 33, 34, 34, 35, 35, 36, 36, 37, 37, 38, 38, 39, 39, 40, 40, 41, 41, 42, 42, 43, 44, 45, 46]
[1, 2, 3, 4, 9, 10, 11, 12, 17, 18, 19, 20, 25, 26, 27, 28, 29, 30, 31, 32, 33, 34, 35, 36, 37, 38, 39, 40, 41, 42, 43, 44, 45, 46, 47, 48, 49, 50, 51, 52, 53, 54, 55, 56, 61, 62, 63, 64, 69, 70, 71, 72, 77, 78, 79, 80], [1, 2, 3, 4, 5, 5, 6, 6, 7, 7, 8, 8, 9, 9, 10, 10, 11, 11, 12, 12, 13, 13, 14, 14, 15, 15, 16, 16, 17, 17, 18, 18, 19, 19, 20, 20, 21, 21, 22, 22, 23, 23, 24, 24, 25, 25, 26, 26, 27, 27, 28, 28, 29, 30, 31, 32]
[1, 2, 5, 5, 6, 6, 9, 9, 10, 10, 13, 13, 14, 14, 17, 17, 18, 18, 21, 21, 22, 22, 25, 25, 26, 26, 29, 29, 30, 30, 33, 33, 34, 34, 37, 37, 38, 38, 41, 41, 42, 42, 45, 45, 46, 46, 49, 49, 50, 50, 53, 53, 54, 54, 57, 58], [1, 2, 3, 3, 4, 4, 5, 6, 9, 10, 11, 11, 12, 12, 13, 14, 17, 18, 19, 19, 20, 20, 21, 22, 25, 26, 27, 27, 28, 28, 29, 30, 33, 34, 35, 35, 36, 36, 37, 38, 41, 42, 43, 43, 44, 44, 45, 46, 49, 50, 51, 51, 52, 52, 53, 54]
[1, 2, 5, 6, 8, 9, 9, 10, 12, 13, 13, 14, 15, 16, 16, 17, 17, 18, 19, 20, 20, 21, 21, 22, 22, 23, 23, 24, 24, 25, 25, 26, 26, 27, 27, 28, 28, 29, 30, 31, 31, 32, 32, 33, 34, 35, 35, 36, 38, 39, 39, 40, 42, 43, 46, 47], [1, 2, 3, 3, 4, 4, 5, 5, 6, 6, 7, 7, 8, 9, 29, 29, 30, 30, 31, 31, 31, 31, 32, 32, 32, 32, 33, 33, 33, 33, 34, 34, 34, 34, 35, 35, 35, 35, 36, 36, 37, 37, 57, 58, 59, 59, 60, 60, 61, 61, 62, 62, 63, 63, 64, 65]
[1, 2, 5, 6, 8, 9, 9, 10, 12, 13, 13, 14, 16, 17, 17, 18, 20, 21, 21, 22, 24, 25, 25, 26, 28, 29, 29, 30, 32, 33, 33, 34, 36, 37, 37, 38, 40, 41, 41, 42, 44, 45, 45, 46, 48, 49, 49, 50, 52, 53, 53, 54, 56, 57, 60, 61], [1, 2, 3, 3, 4, 4, 5, 5, 6, 6, 7, 7, 8, 9, 15, 16, 17, 17, 18, 18, 19, 19, 20, 20, 21, 21, 22, 23, 29, 30, 31, 31, 32, 32, 33, 33, 34, 34, 35, 35, 36, 37, 43, 44, 45, 45, 46, 46, 47, 47, 48, 48, 49, 49, 50, 51]
[1, 2, 5, 6, 9, 10, 13, 14, 15, 16, 17, 18, 19, 20, 21, 22, 23, 24, 25, 26, 27, 28, 29, 30, 31, 32, 33, 34, 35, 36, 37, 38, 39, 40, 41, 42, 43, 44, 45, 46, 47, 48, 49, 50, 51, 52, 53, 54, 55, 56, 59, 60, 63, 64, 67, 68], [1, 2, 3, 3, 4, 4, 5, 5, 6, 6, 7, 7, 8, 8, 9, 9, 10, 10, 11, 11, 12, 12, 13, 13, 14, 14, 15, 16, 29, 30, 31, 31, 32, 32, 33, 33, 34, 34, 35, 35, 36, 36, 37, 37, 38, 38, 39, 39, 40, 40, 41, 41, 42, 42, 43, 44]
[1, 2, 5, 6, 9, 10, 13, 14, 17, 18, 21, 22, 25, 26, 29, 29, 30, 30, 33, 33, 34, 34, 37, 37, 38, 38, 41, 41, 42, 42, 45, 45, 46, 46, 49, 49, 50, 50, 53, 53, 54, 54, 57, 58, 61, 62, 65, 66, 69, 70, 73, 74, 77, 78, 81, 82], [1, 2, 3, 3, 4, 4, 5, 5, 6, 6, 7, 7, 8, 8, 9, 9, 10, 10, 11, 11, 12, 12, 13, 13, 14, 14, 15, 15, 16, 16, 17, 17, 18, 18, 19, 19, 20, 20, 21, 21, 22, 22, 23, 23, 24, 24, 25, 25, 26, 26, 27, 27, 28, 28, 29, 30]
[1, 2, 8, 9, 9, 10, 15, 16, 16, 17, 17, 18, 22, 23, 23, 24, 24, 25, 25, 26, 30, 31, 31, 32, 32, 33, 33, 34, 38, 39, 39, 40, 40, 41, 41, 42, 46, 47, 47, 48, 48, 49, 49, 50, 54, 55, 55, 56, 56, 57, 62, 63, 63, 64, 70, 71], [1, 2, 3, 3, 4, 4, 5, 5, 5, 6, 6, 6, 7, 7, 7, 7, 8, 8, 8, 9, 9, 9, 10, 10, 11, 11, 12, 13, 29, 30, 31, 31, 32, 32, 33, 33, 33, 34, 34, 34, 35, 35, 35, 35, 36, 36, 36, 37, 37, 37, 38, 38, 39, 39, 40, 41]
[1, 2, 8, 9, 9, 10, 16, 17, 17, 18, 24, 25, 25, 26, 29, 30, 32, 33, 33, 34, 36, 37, 37, 38, 40, 41, 41, 42, 44, 45, 45, 46, 48, 49, 49, 50, 52, 53, 53, 54, 56, 57, 60, 61, 61, 62, 68, 69, 69, 70, 76, 77, 77, 78, 84, 85], [1, 2, 3, 3, 4, 4, 5, 5, 5, 6, 6, 6, 7, 7, 7, 7, 8, 8, 8, 9, 9, 9, 10, 10, 11, 11, 12, 13, 15, 16, 17, 17, 18, 18, 19, 19, 19, 20, 20, 20, 21, 21, 21, 21, 22, 22, 22, 23, 23, 23, 24, 24, 25, 25, 26, 27]
[1, 2, 9, 10, 15, 16, 17, 18, 23, 24, 25, 26, 29, 30, 31, 32, 33, 34, 37, 38, 39, 40, 41, 42, 43, 44, 45, 46, 47, 48, 49, 50, 51, 52, 53, 54, 55, 56, 59, 60, 61, 62, 63, 64, 67, 68, 69, 70, 75, 76, 77, 78, 83, 84, 91, 92], [1, 2, 3, 3, 4, 4, 5, 5, 5, 6, 6, 6, 7, 7, 7, 7, 8, 8, 8, 8, 9, 9, 9, 9, 10, 10, 10, 10, 11, 11, 11, 11, 12, 12, 12, 12, 13, 13, 13, 13, 14, 14, 14, 14, 15, 15, 15, 16, 16, 16, 17, 17, 18, 18, 19, 20]
[1, 3, 3, 5, 5, 5, 7, 7, 7, 7, 9, 9, 9, 9, 11, 11, 11, 11, 13, 13, 13, 13, 15, 15, 15, 15, 17, 17, 17, 17, 19, 19, 19, 19, 21, 21, 21, 21, 23, 23, 23, 23, 25, 25, 25, 25, 27, 27, 27, 27, 29, 29, 29, 31, 31, 33], [1, 2, 2, 3, 9, 10, 10, 11, 17, 18, 18, 19, 25, 26, 26, 27, 29, 30, 30, 31, 33, 34, 34, 35, 37, 38, 38, 39, 41, 42, 42, 43, 45, 46, 46, 47, 49, 50, 50, 51, 53, 54, 54, 55, 61, 62, 62, 63, 69, 70, 70, 71, 77, 78, 78, 79]
[1, 3, 3, 5, 5, 5, 7, 7, 7, 7, 9, 9, 9, 9, 11, 11, 11, 11, 13, 13, 13, 13, 15, 15, 15, 17, 17, 19, 29, 31, 31, 33, 33, 33, 35, 35, 35, 35, 37, 37, 37, 37, 39, 39, 39, 39, 41, 41, 41, 41, 43, 43, 43, 45, 45, 47], [1, 2, 2, 3, 9, 10, 10, 11, 15, 16, 16, 17, 17, 18, 18, 19, 23, 24, 24, 25, 25, 26, 26, 27, 31, 32, 32, 33, 33, 34, 34, 35, 39, 40, 40, 41, 41, 42, 42, 43, 47, 48, 48, 49, 49, 50, 50, 51, 55, 56, 56, 57, 63, 64, 64, 65]
[1, 3, 3, 5, 5, 7, 7, 9, 9, 11, 11, 13, 13, 15, 15, 17, 17, 19, 19, 21, 21, 23, 23, 25, 25, 27, 27, 29, 29, 31, 31, 33, 33, 35, 35, 37, 37, 39, 39, 41, 41, 43, 43, 45, 45, 47, 47, 49, 49, 51, 51, 53, 53, 55, 55, 57], [1, 2, 2, 3, 5, 6, 6, 7, 9, 10, 10, 11, 13, 14, 14, 15, 17, 18, 18, 19, 21, 22, 22, 23, 25, 26, 26, 27, 29, 30, 30, 31, 33, 34, 34, 35, 37, 38, 38, 39, 41, 42, 42, 43, 45, 46, 46, 47, 49, 50, 50, 51, 53, 54, 54, 55]
[1, 3, 3, 5, 5, 7, 7, 9, 9, 11, 11, 13, 13, 15, 29, 29, 31, 31, 31, 31, 33, 33, 33, 33, 35, 35, 35, 35, 37, 37, 37, 37, 39, 39, 39, 39, 41, 41, 41, 41, 43, 43, 57, 59, 59, 61, 61, 63, 63, 65, 65, 67, 67, 69, 69, 71], [1, 2, 2, 3, 5, 6, 6, 7, 9, 10, 10, 11, 13, 14, 14, 15, 15, 16, 16, 17, 17, 18, 18, 19, 19, 20, 20, 21, 21, 22, 22, 23, 23, 24, 24, 25, 25, 26, 26, 27, 27, 28, 28, 29, 31, 32, 32, 33, 35, 36, 36, 37, 39, 40, 40, 41]
[1, 3, 3, 5, 9, 11, 11, 13, 17, 19, 19, 21, 25, 27, 27, 29, 29, 31, 31, 33, 33, 35, 35, 37, 37, 39, 39, 41, 41, 43, 43, 45, 45, 47, 47, 49, 49, 51, 51, 53, 53, 55, 55, 57, 61, 63, 63, 65, 69, 71, 71, 73, 77, 79, 79, 81], [1, 2, 2, 3, 5, 5, 6, 6, 6, 6, 7, 7, 9, 9, 10, 10, 10, 10, 11, 11, 13, 13, 14, 14, 14, 14, 15, 15, 17, 17, 18, 18, 18, 18, 19, 19, 21, 21, 22, 22, 22, 22, 23, 23, 25, 25, 26, 26, 26, 26, 27, 27, 29, 30, 30, 31]
[1, 3, 5, 5, 7, 7, 9, 9, 11, 11, 13, 13, 15, 15, 17, 17, 19, 19, 21, 21, 23, 23, 25, 25, 27, 27, 29, 29, 31, 31, 33, 33, 35, 35, 37, 37, 39, 39, 41, 41, 43, 43, 45, 45, 47, 47, 49, 49, 51, 51, 53, 53, 55, 55, 57, 59], [1, 2, 2, 3, 3, 4, 4, 5, 9, 10, 10, 11, 11, 12, 12, 13, 17, 18, 18, 19, 19, 20, 20, 21, 25, 26, 26, 27, 27, 28, 28, 29, 33, 34, 34, 35, 35, 36, 36, 37, 41, 42, 42, 43, 43, 44, 44, 45, 49, 50, 50, 51, 51, 52, 52, 53]
[1, 3, 5, 7, 8, 9, 10, 11, 12, 13, 14, 15, 15, 16, 17, 17, 18, 19, 19, 20, 21, 21, 22, 22, 23, 23, 24, 24, 25, 25, 26, 26, 27, 27, 28, 28, 29, 30, 30, 31, 32, 32, 33, 34, 34, 35, 36, 37, 38, 39, 40, 41, 42, 44, 46, 48], [1, 2, 2, 3, 3, 4, 4, 5, 5, 6, 6, 7, 7, 8, 29, 29, 30, 30, 30, 30, 31, 31, 31, 31, 32, 32, 32, 32, 33, 33, 33, 33, 34, 34, 34, 34, 35, 35, 35, 35, 36, 36, 57, 58, 58, 59, 59, 60, 60, 61, 61, 62, 62, 63, 63, 64]
[1, 3, 5, 7, 8, 9, 10, 11, 12, 13, 14, 15, 16, 17, 18, 19, 20, 21, 22, 23, 24, 25, 26, 27, 28, 29, 30, 31, 32, 33, 34, 35, 36, 37, 38, 39, 40, 41, 42, 43, 44, 45, 46, 47, 48, 49, 50, 51, 52, 53, 54, 55, 56, 58, 60, 62], [1, 2, 2, 3, 3, 4, 4, 5, 5, 6, 6, 7, 7, 8, 15, 16, 16, 17, 17, 18, 18, 19, 19, 20, 20, 21, 21, 22, 29, 30, 30, 31, 31, 32, 32, 33, 33, 34, 34, 35, 35, 36, 43, 44, 44, 45, 45, 46, 46, 47, 47, 48, 48, 49, 49, 50]
[1, 3, 5, 7, 8, 9, 10, 11, 12, 13, 14, 16, 18, 20, 29, 29, 31, 31, 33, 33, 35, 35, 36, 36, 37, 37, 38, 38, 39, 39, 40, 40, 41, 41, 42, 42, 44, 44, 46, 46, 48, 48, 57, 59, 61, 63, 64, 65, 66, 67, 68, 69, 70, 72, 74, 76], [1, 2, 2, 3, 3, 4, 4, 5, 5, 6, 6, 7, 7, 8, 15, 15, 16, 16, 16, 16, 17, 17, 17, 17, 18, 18, 18, 18, 19, 19, 19, 19, 20, 20, 20, 20, 21, 21, 21, 21, 22, 22, 29, 30, 30, 31, 31, 32, 32, 33, 33, 34, 34, 35, 35, 36]
[1, 3, 5, 7, 9, 11, 13, 15, 15, 17, 17, 19, 19, 21, 21, 23, 23, 25, 25, 27, 27, 29, 29, 31, 31, 33, 33, 35, 35, 37, 37, 39, 39, 41, 41, 43, 43, 45, 45, 47, 47, 49, 49, 51, 51, 53, 53, 55, 55, 57, 59, 61, 63, 65, 67, 69], [1, 2, 2, 3, 3, 4, 4, 5, 5, 6, 6, 7, 7, 8, 8, 9, 9, 10, 10, 11, 11, 12, 12, 13, 13, 14, 14, 15, 29, 30, 30, 31, 31, 32, 32, 33, 33, 34, 34, 35, 35, 36, 36, 37, 37, 38, 38, 39, 39, 40, 40, 41, 41, 42, 42, 43]
[1, 3, 5, 7, 9, 11, 13, 15, 17, 19, 21, 23, 25, 27, 29, 29, 31, 31, 33, 33, 35, 35, 37, 37, 39, 39, 41, 41, 43, 43, 45, 45, 47, 47, 49, 49, 51, 51, 53, 53, 55, 55, 57, 59, 61, 63, 65, 67, 69, 71, 73, 75, 77, 79, 81, 83], [1, 2, 2, 3, 3, 4, 4, 5, 5, 6, 6, 7, 7, 8, 8, 9, 9, 10, 10, 11, 11, 12, 12, 13, 13, 14, 14, 15, 15, 16, 16, 17, 17, 18, 18, 19, 19, 20, 20, 21, 21, 22, 22, 23, 23, 24, 24, 25, 25, 26, 26, 27, 27, 28, 28, 29]
[1, 3, 8, 9, 10, 11, 15, 16, 17, 17, 18, 19, 22, 23, 24, 24, 25, 25, 26, 27, 30, 31, 32, 32, 33, 33, 34, 35, 38, 39, 40, 40, 41, 41, 42, 43, 46, 47, 48, 48, 49, 49, 50, 51, 54, 55, 56, 56, 57, 58, 62, 63, 64, 65, 70, 72], [1, 2, 2, 3, 3, 4, 4, 5, 5, 5, 6, 6, 6, 6, 7, 7, 7, 7, 8, 8, 8, 9, 9, 10, 10, 11, 11, 12, 29, 30, 30, 31, 31, 32, 32, 33, 33, 33, 34, 34, 34, 34, 35, 35, 35, 35, 36, 36, 36, 37, 37, 38, 38, 39, 39, 40]
[1, 3, 8, 9, 10, 11, 16, 17, 18, 19, 24, 25, 26, 27, 29, 31, 32, 33, 34, 35, 36, 37, 38, 39, 40, 41, 42, 43, 44, 45, 46, 47, 48, 49, 50, 51, 52, 53, 54, 55, 56, 58, 60, 61, 62, 63, 68, 69, 70, 71, 76, 77, 78, 79, 84, 86], [1, 2, 2, 3, 3, 4, 4, 5, 5, 5, 6, 6, 6, 6, 7, 7, 7, 7, 8, 8, 8, 9, 9, 10, 10, 11, 11, 12, 15, 16, 16, 17, 17, 18, 18, 19, 19, 19, 20, 20, 20, 20, 21, 21, 21, 21, 22, 22, 22, 23, 23, 24, 24, 25, 25, 26]
[1, 3, 9, 11, 15, 17, 17, 19, 23, 25, 25, 27, 29, 31, 31, 33, 33, 35, 37, 39, 39, 41, 41, 43, 43, 45, 45, 47, 47, 49, 49, 51, 51, 53, 53, 55, 55, 57, 59, 61, 61, 63, 63, 65, 67, 69, 69, 71, 75, 77, 77, 79, 83, 85, 91, 93], [1, 2, 2, 3, 3, 4, 4, 5, 5, 5, 6, 6, 6, 6, 7, 7, 7, 7, 8, 8, 8, 8, 9, 9, 9, 9, 10, 10, 10, 10, 11, 11, 11, 11, 12, 12, 12, 12, 13, 13, 13, 13, 14, 14, 14, 14, 15, 15, 15, 16, 16, 17, 17, 18, 18, 19]
[1, 5, 8, 9, 12, 13, 15, 16, 17, 19, 20, 21, 22, 23, 24, 25, 26, 27, 28, 29, 30, 31, 32, 33, 34, 35, 36, 37, 38, 39, 40, 41, 42, 43, 44, 45, 46, 47, 48, 49, 50, 51, 52, 53, 54, 55, 56, 58, 59, 60, 62, 63, 66, 67, 70, 74], [1, 2, 2, 3, 3, 3, 4, 4, 4, 4, 5, 5, 5, 5, 6, 6, 6, 6, 7, 7, 7, 7, 8, 8, 8, 9, 9, 10, 29, 30, 30, 31, 31, 31, 32, 32, 32, 32, 33, 33, 33, 33, 34, 34, 34, 34, 35, 35, 35, 35, 36, 36, 36, 37, 37, 38]
[1, 5, 8, 9, 12, 13, 16, 17, 20, 21, 24, 25, 28, 29, 29, 32, 33, 33, 36, 36, 37, 37, 40, 40, 41, 41, 44, 44, 45, 45, 48, 48, 49, 49, 52, 52, 53, 53, 56, 56, 57, 60, 60, 61, 64, 65, 68, 69, 72, 73, 76, 77, 80, 81, 84, 88], [1, 2, 2, 3, 3, 3, 4, 4, 4, 4, 5, 5, 5, 5, 6, 6, 6, 6, 7, 7, 7, 7, 8, 8, 8, 9, 9, 10, 15, 16, 16, 17, 17, 17, 18, 18, 18, 18, 19, 19, 19, 19, 20, 20, 20, 20, 21, 21, 21, 21, 22, 22, 22, 23, 23, 24]
[1, 5, 9, 13, 15, 17, 19, 21, 23, 25, 27, 29, 29, 31, 33, 33, 35, 37, 37, 39, 41, 41, 43, 43, 45, 45, 47, 47, 49, 49, 51, 51, 53, 53, 55, 55, 57, 59, 59, 61, 63, 63, 65, 67, 67, 69, 71, 73, 75, 77, 79, 81, 83, 87, 91, 95], [1, 2, 2, 3, 3, 3, 4, 4, 4, 4, 5, 5, 5, 5, 6, 6, 6, 6, 7, 7, 7, 7, 8, 8, 8, 8, 9, 9, 9, 9, 10, 10, 10, 10, 11, 11, 11, 11, 12, 12, 12, 12, 13, 13, 13, 13, 14, 14, 14, 14, 15, 15, 15, 16, 16, 17]
[1, 8, 9, 15, 16, 17, 22, 23, 24, 25, 29, 30, 31, 32, 33, 36, 37, 38, 39, 40, 41, 43, 44, 45, 46, 47, 48, 49, 50, 51, 52, 53, 54, 55, 56, 58, 59, 60, 61, 62, 63, 66, 67, 68, 69, 70, 74, 75, 76, 77, 82, 83, 84, 90, 91, 98], [1, 2, 2, 3, 3, 3, 4, 4, 4, 4, 5, 5, 5, 5, 5, 6, 6, 6, 6, 6, 6, 7, 7, 7, 7, 7, 7, 7, 8, 8, 8, 8, 8, 8, 8, 9, 9, 9, 9, 9, 9, 10, 10, 10, 10, 10, 11, 11, 11, 11, 12, 12, 12, 13, 13, 14]