[1, 2, 3, 4, 5, 6, 7, 8, 9, 10, 11, 12, 13, 14, 15, 16, 17, 18, 19, 20, 21, 22, 23, 24, 25, 26, 27, 28, 29, 30, 31, 32, 33, 34, 35, 36, 37, 38, 39, 40, 41, 42], [1, 2, 3, 4, 5, 6, 7, 8, 9, 10, 11, 12, 13, 14, 15, 16, 17, 18, 19, 20, 21, 22, 23, 24, 25, 26, 27, 28, 29, 30, 31, 32, 33, 34, 35, 36, 37, 38, 39, 40, 41, 42]
[1, 2, 3, 4, 5, 6, 7, 15, 16, 17, 18, 19, 20, 21, 22, 23, 24, 25, 26, 27, 28, 29, 30, 31, 32, 33, 34, 35, 36, 37, 38, 39, 40, 41, 42, 50, 51, 52, 53, 54, 55, 56], [1, 2, 3, 4, 5, 6, 7, 8, 8, 9, 9, 10, 10, 11, 11, 12, 12, 13, 13, 14, 14, 15, 15, 16, 16, 17, 17, 18, 18, 19, 19, 20, 20, 21, 21, 22, 23, 24, 25, 26, 27, 28]
[1, 2, 3, 7, 8, 8, 9, 9, 10, 13, 14, 14, 15, 15, 16, 19, 20, 20, 21, 21, 22, 25, 26, 26, 27, 27, 28, 31, 32, 32, 33, 33, 34, 37, 38, 38, 39, 39, 40, 44, 45, 46], [1, 2, 3, 4, 4, 5, 5, 6, 6, 7, 7, 8, 9, 10, 15, 16, 17, 18, 18, 19, 19, 20, 20, 21, 21, 22, 23, 24, 29, 30, 31, 32, 32, 33, 33, 34, 34, 35, 35, 36, 37, 38]
[1, 2, 3, 7, 8, 9, 13, 14, 15, 19, 20, 21, 22, 23, 24, 25, 26, 27, 28, 29, 30, 31, 32, 33, 34, 35, 36, 37, 38, 39, 40, 41, 42, 46, 47, 48, 52, 53, 54, 58, 59, 60], [1, 2, 3, 4, 4, 5, 5, 6, 6, 7, 7, 8, 8, 9, 9, 10, 10, 11, 11, 12, 12, 13, 13, 14, 14, 15, 15, 16, 16, 17, 17, 18, 18, 19, 19, 20, 20, 21, 21, 22, 23, 24]
[1, 2, 4, 5, 7, 8, 10, 11, 13, 14, 15, 16, 16, 17, 18, 19, 19, 20, 21, 22, 24, 25, 27, 28, 29, 30, 30, 31, 32, 33, 33, 34, 35, 36, 38, 39, 41, 42, 44, 45, 47, 48], [1, 2, 3, 3, 4, 5, 5, 6, 7, 7, 8, 9, 9, 10, 11, 11, 12, 13, 13, 14, 15, 22, 23, 24, 24, 25, 26, 26, 27, 28, 28, 29, 30, 30, 31, 32, 32, 33, 34, 34, 35, 36]
[1, 2, 7, 8, 8, 9, 13, 14, 14, 15, 15, 16, 19, 20, 20, 21, 21, 22, 25, 26, 26, 27, 27, 28, 31, 32, 32, 33, 33, 34, 37, 38, 38, 39, 39, 40, 44, 45, 45, 46, 51, 52], [1, 2, 3, 3, 4, 4, 5, 5, 5, 6, 6, 6, 7, 7, 7, 8, 8, 9, 9, 10, 11, 22, 23, 24, 24, 25, 25, 26, 26, 26, 27, 27, 27, 28, 28, 28, 29, 29, 30, 30, 31, 32]
[1, 2, 7, 8, 13, 14, 15, 16, 19, 20, 21, 22, 25, 26, 27, 28, 29, 30, 31, 32, 33, 34, 35, 36, 37, 38, 39, 40, 41, 42, 45, 46, 47, 48, 51, 52, 53, 54, 59, 60, 65, 66], [1, 2, 3, 3, 4, 4, 5, 5, 5, 6, 6, 6, 7, 7, 7, 8, 8, 8, 9, 9, 9, 10, 10, 10, 11, 11, 11, 12, 12, 12, 13, 13, 13, 14, 14, 14, 15, 15, 16, 16, 17, 18]
[1, 3, 4, 5, 6, 7, 8, 9, 10, 11, 12, 13, 14, 15, 16, 17, 18, 19, 20, 21, 22, 23, 24, 25, 26, 27, 28, 29, 30, 31, 32, 33, 34, 35, 36, 37, 38, 39, 40, 41, 42, 44], [1, 2, 2, 3, 3, 4, 7, 8, 8, 9, 9, 10, 13, 14, 14, 15, 15, 16, 19, 20, 20, 21, 21, 22, 25, 26, 26, 27, 27, 28, 31, 32, 32, 33, 33, 34, 37, 38, 38, 39, 39, 40]
[1, 3, 5, 7, 8, 9, 10, 11, 12, 13, 14, 15, 16, 17, 18, 19, 20, 21, 22, 23, 24, 25, 26, 27, 28, 29, 30, 31, 32, 33, 34, 35, 36, 37, 38, 39, 40, 41, 42, 44, 46, 48], [1, 2, 2, 3, 3, 4, 4, 5, 5, 6, 6, 7, 7, 8, 15, 16, 16, 17, 17, 18, 18, 19, 19, 20, 20, 21, 21, 22, 29, 30, 30, 31, 31, 32, 32, 33, 33, 34, 34, 35, 35, 36]
[1, 3, 5, 7, 9, 11, 13, 15, 17, 19, 21, 22, 23, 24, 25, 26, 27, 28, 29, 30, 31, 32, 33, 34, 35, 36, 37, 38, 39, 40, 41, 42, 44, 46, 48, 50, 52, 54, 56, 58, 60, 62], [1, 2, 2, 3, 3, 4, 4, 5, 5, 6, 6, 7, 7, 8, 8, 9, 9, 10, 10, 11, 11, 12, 12, 13, 13, 14, 14, 15, 15, 16, 16, 17, 17, 18, 18, 19, 19, 20, 20, 21, 21, 22]
[1, 4, 7, 8, 10, 11, 13, 14, 15, 16, 17, 18, 19, 20, 21, 22, 23, 24, 25, 26, 27, 28, 29, 30, 31, 32, 33, 34, 35, 36, 37, 38, 39, 40, 41, 42, 44, 45, 47, 48, 51, 54], [1, 2, 2, 3, 3, 3, 4, 4, 4, 5, 5, 5, 6, 6, 6, 7, 7, 7, 8, 8, 9, 22, 23, 23, 24, 24, 24, 25, 25, 25, 26, 26, 26, 27, 27, 27, 28, 28, 28, 29, 29, 30]
[1, 4, 7, 10, 13, 15, 16, 18, 19, 21, 22, 24, 25, 27, 28, 29, 30, 31, 32, 33, 34, 35, 36, 37, 38, 39, 40, 41, 42, 44, 45, 47, 48, 50, 51, 53, 54, 56, 59, 62, 65, 68], [1, 2, 2, 3, 3, 3, 4, 4, 4, 5, 5, 5, 6, 6, 6, 7, 7, 7, 8, 8, 8, 9, 9, 9, 10, 10, 10, 11, 11, 11, 12, 12, 12, 13, 13, 13, 14, 14, 14, 15, 15, 16]
[1, 7, 8, 13, 14, 15, 19, 20, 21, 22, 25, 26, 27, 28, 29, 31, 32, 33, 34, 35, 36, 37, 38, 39, 40, 41, 42, 44, 45, 46, 47, 48, 51, 52, 53, 54, 58, 59, 60, 65, 66, 72], [1, 2, 2, 3, 3, 3, 4, 4, 4, 4, 5, 5, 5, 5, 5, 6, 6, 6, 6, 6, 6, 7, 7, 7, 7, 7, 7, 8, 8, 8, 8, 8, 9, 9, 9, 9, 10, 10, 10, 11, 11, 12]