[1, 2, 3, 4, 5, 6, 7, 8, 9, 10, 11, 12, 13, 14, 15, 16, 17, 18, 19, 20, 21, 22, 23, 24, 25, 26, 27, 28, 29, 30], [1, 2, 3, 4, 5, 6, 7, 8, 9, 10, 11, 12, 13, 14, 15, 16, 17, 18, 19, 20, 21, 22, 23, 24, 25, 26, 27, 28, 29, 30]
[1, 2, 3, 4, 5, 11, 12, 13, 14, 15, 16, 17, 18, 19, 20, 21, 22, 23, 24, 25, 26, 27, 28, 29, 30, 36, 37, 38, 39, 40], [1, 2, 3, 4, 5, 6, 6, 7, 7, 8, 8, 9, 9, 10, 10, 11, 11, 12, 12, 13, 13, 14, 14, 15, 15, 16, 17, 18, 19, 20]
[1, 2, 3, 6, 7, 7, 8, 8, 9, 12, 13, 13, 14, 14, 15, 18, 19, 19, 20, 20, 21, 24, 25, 25, 26, 26, 27, 30, 31, 32], [1, 2, 3, 4, 4, 5, 5, 6, 7, 8, 11, 12, 13, 14, 14, 15, 15, 16, 17, 18, 21, 22, 23, 24, 24, 25, 25, 26, 27, 28]
[1, 2, 3, 7, 8, 9, 13, 14, 15, 16, 17, 18, 19, 20, 21, 22, 23, 24, 25, 26, 27, 28, 29, 30, 34, 35, 36, 40, 41, 42], [1, 2, 3, 4, 4, 5, 5, 6, 6, 7, 7, 8, 8, 9, 9, 10, 10, 11, 11, 12, 12, 13, 13, 14, 14, 15, 15, 16, 17, 18]
[1, 2, 4, 5, 7, 8, 10, 11, 11, 12, 13, 14, 14, 15, 17, 18, 20, 21, 21, 22, 23, 24, 24, 25, 27, 28, 30, 31, 33, 34], [1, 2, 3, 3, 4, 5, 5, 6, 7, 7, 8, 9, 9, 10, 11, 16, 17, 18, 18, 19, 20, 20, 21, 22, 22, 23, 24, 24, 25, 26]
[1, 2, 6, 7, 7, 8, 11, 12, 12, 13, 13, 14, 17, 18, 18, 19, 19, 20, 23, 24, 24, 25, 25, 26, 29, 30, 30, 31, 35, 36], [1, 2, 3, 3, 4, 4, 5, 5, 5, 6, 6, 7, 7, 8, 9, 16, 17, 18, 18, 19, 19, 20, 20, 20, 21, 21, 22, 22, 23, 24]
[1, 2, 7, 8, 11, 12, 13, 14, 17, 18, 19, 20, 21, 22, 23, 24, 25, 26, 27, 28, 29, 30, 33, 34, 35, 36, 39, 40, 45, 46], [1, 2, 3, 3, 4, 4, 5, 5, 5, 6, 6, 6, 7, 7, 7, 8, 8, 8, 9, 9, 9, 10, 10, 10, 11, 11, 12, 12, 13, 14]
[1, 3, 4, 5, 6, 7, 8, 9, 10, 11, 12, 13, 14, 15, 16, 17, 18, 19, 20, 21, 22, 23, 24, 25, 26, 27, 28, 29, 30, 32], [1, 2, 2, 3, 3, 4, 7, 8, 8, 9, 9, 10, 13, 14, 14, 15, 15, 16, 19, 20, 20, 21, 21, 22, 25, 26, 26, 27, 27, 28]
[1, 3, 5, 6, 7, 8, 9, 10, 11, 12, 13, 14, 15, 16, 17, 18, 19, 20, 21, 22, 23, 24, 25, 26, 27, 28, 29, 30, 32, 34], [1, 2, 2, 3, 3, 4, 4, 5, 5, 6, 11, 12, 12, 13, 13, 14, 14, 15, 15, 16, 21, 22, 22, 23, 23, 24, 24, 25, 25, 26]
[1, 3, 5, 7, 9, 11, 13, 15, 16, 17, 18, 19, 20, 21, 22, 23, 24, 25, 26, 27, 28, 29, 30, 32, 34, 36, 38, 40, 42, 44], [1, 2, 2, 3, 3, 4, 4, 5, 5, 6, 6, 7, 7, 8, 8, 9, 9, 10, 10, 11, 11, 12, 12, 13, 13, 14, 14, 15, 15, 16]
[1, 4, 6, 7, 9, 10, 11, 12, 13, 14, 15, 16, 17, 18, 19, 20, 21, 22, 23, 24, 25, 26, 27, 28, 29, 30, 32, 33, 35, 38], [1, 2, 2, 3, 3, 3, 4, 4, 4, 5, 5, 5, 6, 6, 7, 16, 17, 17, 18, 18, 18, 19, 19, 19, 20, 20, 20, 21, 21, 22]
[1, 4, 7, 10, 11, 13, 14, 16, 17, 19, 20, 21, 22, 23, 24, 25, 26, 27, 28, 29, 30, 32, 33, 35, 36, 38, 39, 42, 45, 48], [1, 2, 2, 3, 3, 3, 4, 4, 4, 5, 5, 5, 6, 6, 6, 7, 7, 7, 8, 8, 8, 9, 9, 9, 10, 10, 10, 11, 11, 12]
[1, 6, 7, 11, 12, 13, 16, 17, 18, 19, 21, 22, 23, 24, 25, 26, 27, 28, 29, 30, 32, 33, 34, 35, 38, 39, 40, 44, 45, 50], [1, 2, 2, 3, 3, 3, 4, 4, 4, 4, 5, 5, 5, 5, 5, 6, 6, 6, 6, 6, 7, 7, 7, 7, 8, 8, 8, 9, 9, 10]